1	4.98096e-05	2.77556e-17
0.833333	4.71025e-05	4.44089e-16
0.714286	4.15466e-05	7.10543e-15
0.625	3.02568e-05	7.10543e-15
0.555556	2.06581e-05	1.06581e-14
0.5	1.39665e-05	7.10543e-15
0.454545	9.50489e-06	1.42109e-14
0.416667	6.60506e-06	7.10543e-15
0.384615	4.89319e-06	1.42109e-14
0.357143	3.66667e-06	2.84217e-14
0.333333	2.76258e-06	2.13163e-14
0.3125	2.1142e-06	2.84217e-14
0.294118	1.67083e-06	2.13163e-14
0.277778	1.32492e-06	3.55271e-14
0.263158	1.05682e-06	2.84217e-14
0.25	8.6637e-07	2.84217e-14
0.238095	7.1187e-07	4.26326e-14
0.227273	5.86743e-07	2.84217e-14
0.217391	4.92868e-07	2.84217e-14
0.208333	4.15697e-07	9.9476e-14
0.2	3.51385e-07	1.56319e-13
0.192308	3.00642e-07	1.27898e-13
0.185185	2.58694e-07	4.26326e-14
0.178571	2.22965e-07	2.84217e-14
0.172414	1.93639e-07	9.9476e-14
0.166667	1.69276e-07	5.68434e-14
0.16129	1.48165e-07	4.26326e-14
0.15625	1.30278e-07	5.68434e-14
0.151515	1.15355e-07	4.26326e-14
0.147059	1.02243e-07	7.10543e-14
0.142857	9.08389e-08	2.13163e-13
0.138889	8.12892e-08	1.42109e-13
0.135135	7.28017e-08	5.68434e-14
0.131579	6.52618e-08	2.13163e-13
0.128205	5.89179e-08	7.10543e-14
0.125	5.32298e-08	2.84217e-14
0.121951	4.8128e-08	2.84217e-13
0.119048	4.37384e-08	1.84741e-13
0.116279	3.98119e-08	3.69482e-13
0.113636	3.62612e-08	1.42109e-13
0.111111	3.31467e-08	7.81597e-14
0.108696	3.03661e-08	2.41585e-13
0.106383	2.78339e-08	1.98952e-13
0.104167	2.55752e-08	1.84741e-13
0.102041	2.35619e-08	4.26326e-14
0.1	2.1717e-08	1.27898e-13
0.0980392	2.00471e-08	1.84741e-13
0.0961538	1.85605e-08	1.27898e-13
0.0943396	1.71909e-08	4.54747e-13
0.0925926	1.59349e-08	1.27898e-13
0.0909091	1.4818e-08	4.26326e-14
0.0892857	1.37842e-08	2.98428e-13
0.0877193	1.28275e-08	1.27898e-13
0.0862069	1.19729e-08	3.12639e-13
0.0847458	1.11807e-08	1.7053e-13
0.0833333	1.04446e-08	1.84741e-13
0.0819672	9.77877e-09	5.68434e-14
0.0806452	9.16361e-09	4.26326e-13
0.0793651	8.58973e-09	2.20268e-13
0.078125	8.06491e-09	5.68434e-14
0.0769231	7.58135e-09	1.42109e-13
0.0757576	7.12869e-09	4.26326e-13
0.0746269	6.71053e-09	1.7053e-13
0.0735294	6.3262e-09	2.13163e-13
0.0724638	5.96531e-09	3.69482e-13
0.0714286	5.62884e-09	2.55795e-13
0.0704225	5.32029e-09	5.40012e-13
0.0694444	5.02972e-09	5.11591e-13
0.0684932	4.75655e-09	1.98952e-13
0.0675676	4.50654e-09	2.84217e-13
0.0666667	4.27048e-09	2.4869e-13
0.0657895	4.04765e-09	4.83169e-13
0.0649351	3.84253e-09	2.20268e-13
0.0641026	3.64918e-09	1.98952e-13
0.0632911	3.46622e-09	4.83169e-13
0.0625	3.29641e-09	1.42109e-13
0.0617284	3.13682e-09	4.26326e-13
0.0609756	2.98546e-09	1.98952e-13
0.060241	2.84393e-09	3.55271e-14
0.0595238	2.71127e-09	2.84217e-13
0.0588235	2.5852e-09	2.84217e-13
0.0581395	2.46646e-09	4.83169e-13
0.0574713	2.35546e-09	4.83169e-13
0.0568182	2.24978e-09	3.2685e-13
0.0561798	2.14959e-09	6.25278e-13
0.0555556	2.05614e-09	3.41061e-13
0.0549451	1.96701e-09	3.83693e-13
0.0543478	1.882e-09	4.83169e-13
0.0537634	1.80287e-09	1.7053e-13
0.0531915	1.72727e-09	6.25278e-13
0.0526316	1.65507e-09	2.55795e-13
0.0520833	1.5874e-09	1.84741e-13
0.0515464	1.52296e-09	1.42109e-13
0.0510204	1.46131e-09	9.9476e-14
0.0505051	1.40318e-09	2.55795e-13
0.05	1.34797e-09	2.84217e-13
0.049505	1.29507e-09	4.26326e-13
0.0490196	1.24492e-09	1.84741e-13
0.0485437	1.19739e-09	8.81073e-13
0.0480769	1.15181e-09	5.11591e-13
0.047619	1.10835e-09	1.7053e-13
0.0471698	1.06725e-09	5.82645e-13
0.046729	1.0278e-09	7.95808e-13
0.0462963	9.8999e-10	9.37916e-13
0.0458716	9.5433e-10	8.2423e-13
0.0454545	9.20034e-10	9.09495e-13
0.045045	8.87056e-10	3.12639e-13
0.0446429	8.55936e-10	3.12639e-13
0.0442478	8.26025e-10	6.53699e-13
0.0438596	7.97224e-10	8.2423e-13
0.0434783	7.69901e-10	7.95808e-13
0.0431034	7.43709e-10	2.84217e-13
0.042735	7.18471e-10	1.56319e-13
0.0423729	6.94418e-10	8.81073e-13
0.0420168	6.71402e-10	2.70006e-13
0.0416667	6.49201e-10	8.52651e-13
0.0413223	6.2794e-10	2.13163e-13
0.0409836	6.07662e-10	1.0516e-12
0.0406504	5.88081e-10	9.09495e-13
0.0403226	5.69236e-10	3.69482e-13
0.04	5.51305e-10	5.96856e-13
0.0396825	5.33976e-10	1.13687e-13
0.0393701	5.17243e-10	1.42109e-13
0.0390625	5.01333e-10	5.68434e-14
0.0387597	4.85945e-10	7.38964e-13
0.0384615	4.71074e-10	1.42109e-13
0.0381679	4.56898e-10	2.55795e-13
0.0378788	4.43196e-10	9.66338e-13
0.037594	4.29944e-10	7.38964e-13
0.0373134	4.17279e-10	3.69482e-13
0.037037	4.05049e-10	1.02318e-12
0.0367647	3.93219e-10	7.38964e-13
0.0364964	3.81854e-10	1.13687e-13
0.0362319	3.70914e-10	4.54747e-13
0.0359712	3.6033e-10	5.96856e-13
0.0357143	3.50111e-10	1.13687e-13
0.035461	3.40308e-10	1.13687e-12
0.0352113	3.3079e-10	1.08002e-12
0.034965	3.21592e-10	4.54747e-13
0.0347222	3.12777e-10	8.81073e-13
0.0344828	3.04233e-10	3.12639e-13
0.0342466	2.9593e-10	1.42109e-13
0.0340136	2.87993e-10	7.95808e-13
0.0337838	2.80276e-10	1.36424e-12
0.033557	2.72781e-10	4.83169e-13
0.0333333	2.65602e-10	1.13687e-13
0.0331126	2.58636e-10	2.70006e-13
0.0328947	2.51859e-10	5.68434e-13
0.0326797	2.45346e-10	1.98952e-13
0.0324675	2.39045e-10	9.66338e-13
0.0322581	2.32909e-10	3.97904e-13
0.0320513	2.26992e-10	2.55795e-13
0.0318471	2.21256e-10	1.39266e-12
0.0316456	2.15694e-10	1.42109e-12
0.0314465	2.103e-10	5.40012e-13
0.03125	2.05111e-10	3.41061e-13
0.0310559	2.00057e-10	1.56319e-12
0.0308642	1.95132e-10	4.90274e-13
0.0306748	1.9041e-10	6.25278e-13
0.0304878	1.85803e-10	3.97904e-13
0.030303	1.81312e-10	4.83169e-13
0.0301205	1.76996e-10	1.44951e-12
0.0299401	1.72786e-10	4.47642e-13
0.0297619	1.68701e-10	1.39266e-12
0.0295858	1.64746e-10	1.27898e-12
0.0294118	1.60909e-10	1.06581e-13
0.0292398	1.57159e-10	3.41061e-13
0.0290698	1.53525e-10	3.69482e-13
0.0289017	1.50009e-10	9.37916e-13
0.0287356	1.46583e-10	7.67386e-13
0.0285714	1.43265e-10	9.9476e-14
0.0284091	1.4004e-10	1.13687e-13
0.0282486	1.36883e-10	6.82121e-13
0.0280899	1.33821e-10	1.19371e-12
0.027933	1.30877e-10	6.82121e-13
0.0277778	1.27989e-10	1.27898e-13
0.0276243	1.2517e-10	5.40012e-13
0.0274725	1.2245e-10	8.52651e-14
0.0273224	1.19794e-10	1.16529e-12
0.0271739	1.172e-10	6.53699e-13
0.027027	1.14677e-10	1.47793e-12
0.0268817	1.12238e-10	1.87583e-12
0.026738	1.09833e-10	4.76064e-13
0.0265957	1.07523e-10	4.26326e-13
0.026455	1.05265e-10	5.68434e-13
0.0263158	1.03071e-10	2.27374e-13
0.026178	1.00926e-10	2.84217e-13
0.0260417	9.88433e-11	1.08002e-12
0.0259067	9.679e-11	1.02318e-12
0.0257732	9.48244e-11	2.55795e-13
0.025641	9.28962e-11	1.13687e-13
0.0255102	9.10076e-11	1.87583e-12
0.0253807	8.91553e-11	7.17648e-13
0.0252525	8.73845e-11	5.11591e-13
0.0251256	8.56339e-11	2.21689e-12
0.025	8.39332e-11	1.56319e-12
0.0248756	8.22728e-11	2.13163e-12
0.0247525	8.06517e-11	7.95808e-13
0.0246305	7.90633e-11	5.11591e-13
0.0245098	7.75416e-11	8.52651e-14
0.0243902	7.6029e-11	8.52651e-13
0.0242718	7.45502e-11	7.67386e-13
0.0241546	7.31218e-11	1.39266e-12
0.0240385	7.17317e-11	1.36424e-12
0.0239234	7.03806e-11	5.96856e-13
0.0238095	6.90448e-11	1.7053e-13
0.0236967	6.7746e-11	9.9476e-14
0.0235849	6.64606e-11	7.38964e-13
0.0234742	6.52245e-11	1.22213e-12
0.0233645	6.40104e-11	9.66338e-13
0.0232558	6.28286e-11	1.02318e-12
0.0231481	6.16597e-11	8.2423e-13
0.0230415	6.05556e-11	1.19371e-12
0.0229358	5.94308e-11	1.90425e-12
0.0228311	5.83629e-11	4.83169e-13
0.0227273	5.72942e-11	7.38964e-13
0.0226244	5.62836e-11	1.13687e-13
0.0225225	5.52647e-11	7.67386e-13
0.0224215	5.42899e-11	1.10845e-12
0.0223214	5.33284e-11	1.16529e-12
0.0222222	5.23827e-11	3.41061e-13
0.0221239	5.14455e-11	6.03961e-13
0.0220264	5.05578e-11	3.12639e-13
0.0219298	4.96597e-11	7.81597e-13
0.0218341	4.88124e-11	2.24532e-12
0.0217391	4.79521e-11	5.25802e-13
0.021645	4.71315e-11	8.52651e-13
0.0215517	4.63266e-11	1.02318e-12
0.0214592	4.5526e-11	8.95284e-13
0.0213675	4.47725e-11	8.52651e-14
0.0212766	4.39997e-11	7.10543e-13
0.0211864	4.32565e-11	1.73372e-12
0.021097	4.25428e-11	2.38742e-12
0.0210084	4.18305e-11	1.42109e-13
0.0209205	4.11447e-11	7.38964e-13
0.0208333	4.04411e-11	6.39488e-13
0.0207469	3.97866e-11	2.84217e-13
0.0206612	3.91377e-11	1.44951e-12
0.0205761	3.84986e-11	5.68434e-13
0.0204918	3.78472e-11	2.13163e-12
0.0204082	3.72519e-11	8.2423e-13
0.0203252	3.66333e-11	1.93268e-12
0.0202429	3.60574e-11	1.87583e-12
0.0201613	3.54763e-11	1.81899e-12
0.0200803	3.49178e-11	1.33582e-12
0.02	3.43479e-11	1.13687e-12
0.0199203	3.38053e-11	1.02318e-12
0.0198413	3.32763e-11	2.27374e-13
0.0197628	3.27524e-11	1.9611e-12
0.019685	3.22399e-11	9.37916e-13
0.0196078	3.17374e-11	3.12639e-13
0.0195312	3.12383e-11	5.68434e-14
0.0194553	3.07593e-11	6.53699e-13
0.0193798	3.0275e-11	9.9476e-13
0.019305	2.98031e-11	8.3844e-13
0.0192308	2.9366e-11	2.84217e-13
0.0191571	2.89013e-11	7.03437e-13
0.019084	2.84749e-11	2.52953e-12
0.0190114	2.80497e-11	1.64846e-12
0.0189394	2.76073e-11	6.39488e-13
0.0188679	2.7187e-11	2.84217e-12
0.018797	2.67905e-11	1.02318e-12
0.0187266	2.64052e-11	6.82121e-13
0.0186567	2.6016e-11	1.84741e-12
0.0185874	2.56222e-11	2.47269e-12
0.0185185	2.52287e-11	5.96856e-13
0.0184502	2.48738e-11	2.55795e-12
0.0183824	2.44972e-11	2.18847e-12
0.018315	2.41543e-11	1.98952e-13
0.0182482	2.38069e-11	8.52651e-14
0.0181818	2.3467e-11	1.98952e-12
0.0181159	2.31196e-11	3.69482e-13
0.0180505	2.27948e-11	1.64846e-12
0.0179856	2.24687e-11	1.87583e-12
0.0179211	2.21453e-11	1.53477e-12
0.0178571	2.1827e-11	2.89901e-12
0.0177936	2.15024e-11	1.56319e-12
0.0177305	2.11923e-11	1.00897e-12
0.0176678	2.09046e-11	1.98952e-12
0.0176056	2.06031e-11	1.84741e-12
0.0175439	2.03196e-11	8.52651e-13
0.0174825	2.00403e-11	9.9476e-13
0.0174216	1.97556e-11	6.25278e-13
0.0173611	1.94856e-11	7.10543e-13
0.017301	1.92188e-11	1.19371e-12
0.0172414	1.8968e-11	2.50111e-12
0.0171821	1.87071e-11	6.53699e-13
0.0171233	1.84512e-11	2.98428e-12
0.0170648	1.81904e-11	1.02318e-12
0.0170068	1.79405e-11	7.53175e-13
0.0169492	1.77141e-11	5.40012e-13
0.0168919	1.74523e-11	2.67164e-12
0.016835	1.72298e-11	1.25056e-12
0.0167785	1.70154e-11	9.09495e-13
0.0167224	1.67615e-11	2.89901e-12
0.0166667	1.65603e-11	4.54747e-13
0.0166113	1.63175e-11	1.1795e-12
0.0165563	1.61262e-11	2.55795e-12
0.0165017	1.59143e-11	2.18847e-12
0.0164474	1.56926e-11	1.25056e-12
0.0163934	1.55083e-11	1.33582e-12
0.0163399	1.52947e-11	3.97904e-13
0.0162866	1.50909e-11	1.10845e-12
0.0162338	1.48859e-11	8.95284e-13
0.0161812	1.46976e-11	2.33058e-12
0.016129	1.45209e-11	3.04112e-12
0.0160772	1.43231e-11	6.53699e-13
0.0160256	1.41565e-11	3.0127e-12
0.0159744	1.39515e-11	1.90425e-12
0.0159236	1.37712e-11	1.79057e-12
0.015873	1.3625e-11	4.83169e-13
0.0158228	1.34313e-11	7.53175e-13
0.0157729	1.32869e-11	1.98952e-13
0.0157233	1.31141e-11	2.38742e-12
0.015674	1.29492e-11	3.12639e-12
0.015625	1.27831e-11	7.10543e-13
0.0155763	1.2641e-11	2.84217e-12
0.015528	1.24505e-11	1.10845e-12
0.0154799	1.2304e-11	2.52953e-12
0.0154321	1.21728e-11	4.26326e-13
0.0153846	1.20252e-11	3.12639e-13
0.0153374	1.18582e-11	8.95284e-13
0.0152905	1.17277e-11	3.52429e-12
0.0152439	1.15953e-11	2.44427e-12
0.0151976	1.14428e-11	3.72324e-12
0.0151515	1.13046e-11	3.46745e-12
0.0151057	1.11668e-11	3.21165e-12
0.0150602	1.10165e-11	1.15108e-12
0.015015	1.08987e-11	7.38964e-13
0.0149701	1.078e-11	5.68434e-13
0.0149254	1.06561e-11	1.81899e-12
0.014881	1.05017e-11	2.64322e-12
0.0148368	1.03768e-11	2.72848e-12
0.0147929	1.02526e-11	1.12266e-12
0.0147493	1.01319e-11	1.90425e-12
0.0147059	1.00366e-11	5.96856e-13
0.0146628	9.91424e-12	8.52651e-13
0.0146199	9.79999e-12	3.43903e-12
0.0145773	9.67315e-12	7.10543e-13
0.0145349	9.58295e-12	1.73372e-12
0.0144928	9.44889e-12	1.76215e-12
0.0144509	9.34364e-12	1.16529e-12
0.0144092	9.23639e-12	1.16529e-12
0.0143678	9.13408e-12	1.0516e-12
0.0143266	9.01296e-12	3.12639e-12
0.0142857	8.93602e-12	5.40012e-13
0.014245	8.81117e-12	9.09495e-13
0.0142045	8.73457e-12	3.35376e-12
0.0141643	8.6402e-12	2.84217e-13
0.0141243	8.54522e-12	8.81073e-13
0.0140845	8.43914e-12	3.58114e-12
0.0140449	8.32734e-12	2.18847e-12
0.0140056	8.25628e-12	5.96856e-13
0.0139665	8.14854e-12	2.47269e-12
0.0139276	8.08348e-12	1.0516e-12
0.0138889	7.98506e-12	3.38218e-12
0.0138504	7.87226e-12	8.10019e-13
0.0138122	7.81492e-12	2.84217e-12
0.0137741	7.70989e-12	1.53477e-12
0.0137363	7.63922e-12	2.55795e-13
0.0136986	7.53336e-12	1.13687e-12
0.0136612	7.45687e-12	2.72848e-12
0.013624	7.39153e-12	2.24532e-12
0.013587	7.29899e-12	2.52953e-12
0.0135501	7.23238e-12	3.58114e-12
0.0135135	7.13407e-12	7.81597e-13
0.0134771	7.08505e-12	2.41585e-13
0.0134409	6.97342e-12	3.21165e-12
0.0134048	6.93889e-12	2.04636e-12
0.013369	6.85724e-12	2.18847e-12
0.0133333	6.77997e-12	2.44427e-12
0.0132979	6.71618e-12	8.52651e-13
0.0132626	6.64446e-12	3.12639e-12
0.0132275	6.57419e-12	1.9611e-12
0.0131926	6.47821e-12	2.33058e-12
0.0131579	6.43435e-12	3.12639e-12
0.0131234	6.34776e-12	9.37916e-13
0.013089	6.2918e-12	1.16529e-12
0.0130548	6.2092e-12	3.24007e-12
0.0130208	6.14514e-12	1.00897e-12
0.012987	6.09246e-12	2.47269e-12
0.0129534	6.02157e-12	2.33058e-12
0.0129199	5.95546e-12	1.21503e-12
0.0128866	5.91571e-12	7.38964e-13
0.0128535	5.84199e-12	1.44951e-12
0.0128205	5.79536e-12	5.40012e-13
0.0127877	5.70921e-12	2.21689e-12
0.0127551	5.65198e-12	1.39266e-12
0.0127226	5.62461e-12	2.27374e-12
0.0126904	5.56433e-12	2.50111e-12
0.0126582	5.48617e-12	2.18847e-12
0.0126263	5.45636e-12	3.06954e-12
0.0125945	5.37459e-12	3.32534e-12
0.0125628	5.30648e-12	1.4353e-12
0.0125313	5.26751e-12	1.12266e-12
0.0125	5.21538e-12	3.80851e-12
0.0124688	5.19929e-12	1.39266e-12
0.0124378	5.10036e-12	4.17799e-12
0.0124069	5.09598e-12	1.25056e-12
0.0123762	5.04724e-12	1.16529e-12
0.0123457	4.96242e-12	1.81899e-12
0.0123153	4.94149e-12	2.21689e-12
0.012285	4.86389e-12	3.18323e-12
0.0122549	4.83857e-12	3.63798e-12
0.0122249	4.7653e-12	1.03029e-12
0.0121951	4.73355e-12	1.39266e-12
0.0121655	4.67276e-12	9.66338e-13
0.0121359	4.65156e-12	3.15481e-12
0.0121065	4.61525e-12	3.35376e-12
0.0120773	4.54353e-12	7.67386e-13
0.0120482	4.49957e-12	3.06954e-12
0.0120192	4.4576e-12	2.30216e-12
0.0119904	4.43551e-12	5.96856e-13
0.0119617	4.40065e-12	3.29692e-12
0.0119332	4.32987e-12	1.12266e-12
0.0119048	4.31e-12	9.66338e-13
0.0118765	4.27386e-12	2.27374e-12
0.0118483	4.22529e-12	4.12115e-12
0.0118203	4.16878e-12	2.75691e-12
0.0117925	4.13153e-12	1.84741e-12
0.0117647	4.10738e-12	7.38964e-13
0.0117371	4.05254e-12	2.38742e-12
0.0117096	4.04743e-12	2.04636e-12
0.0116822	3.97987e-12	1.62004e-12
0.011655	3.93369e-12	1.16529e-12
0.0116279	3.90749e-12	1.79057e-12
0.0116009	3.87113e-12	2.04636e-12
0.0115741	3.84409e-12	3.35376e-12
0.0115473	3.78836e-12	3.38218e-12
0.0115207	3.76343e-12	1.10134e-12
0.0114943	3.71481e-12	9.66338e-13
0.0114679	3.683e-12	2.27374e-12
0.0114416	3.65152e-12	9.37916e-13
0.0114155	3.64181e-12	1.0516e-12
0.0113895	3.60678e-12	3.49587e-12
0.0113636	3.57403e-12	3.15481e-12
0.0113379	3.5183e-12	2.87059e-12
0.0113122	3.51102e-12	6.82121e-13
0.0112867	3.45951e-12	2.6148e-12
0.0112613	3.43947e-12	5.42855e-12
0.011236	3.42837e-12	2.10321e-12
0.0112108	3.36459e-12	3.06954e-12
0.0111857	3.337e-12	3.60956e-12
0.0111607	3.31196e-12	2.98428e-12
0.0111359	3.31113e-12	1.44951e-12
0.0111111	3.26827e-12	1.10845e-12
0.0110865	3.22109e-12	1.03029e-12
0.0110619	3.21515e-12	7.67386e-13
0.0110375	3.18712e-12	2.84217e-12
0.0110132	3.15448e-12	4.26326e-12
0.010989	3.12694e-12	6.82121e-13
0.0109649	3.09924e-12	3.24007e-12
0.0109409	3.07904e-12	8.52651e-13
0.010917	3.01686e-12	1.59162e-12
0.0108932	3.02564e-12	2.84217e-12
0.0108696	3.00238e-12	2.67164e-12
0.010846	2.97828e-12	1.10845e-12
0.0108225	2.95097e-12	1.39266e-12
0.0107991	2.8903e-12	3.95062e-12
0.0107759	2.9079e-12	1.79057e-12
0.0107527	2.85905e-12	1.39266e-12
0.0107296	2.83523e-12	3.04112e-12
0.0107066	2.79121e-12	1.33582e-12
0.0106838	2.79526e-12	1.0516e-12
0.010661	2.77262e-12	4.83169e-13
0.0106383	2.75158e-12	6.11067e-13
0.0106157	2.68302e-12	1.80478e-12
0.0105932	2.6758e-12	1.03739e-12
0.0105708	2.68802e-12	4.09273e-12
0.0105485	2.6219e-12	1.73372e-12
0.0105263	2.61668e-12	1.73372e-12
0.0105042	2.61446e-12	7.38964e-13
0.0104822	2.56245e-12	1.05871e-12
0.0104603	2.58199e-12	2.55795e-13
0.0104384	2.55546e-12	6.53699e-13
0.0104167	2.53109e-12	3.38218e-12
0.010395	2.48029e-12	1.49214e-12
0.0103734	2.48174e-12	1.27898e-12
0.010352	2.45598e-12	5.20117e-12
0.0103306	2.42084e-12	3.43903e-12
0.0103093	2.42167e-12	1.16529e-12
0.0102881	2.41585e-12	3.41061e-13
0.0102669	2.35045e-12	2.98428e-12
0.0102459	2.33263e-12	9.9476e-13
0.0102249	2.3147e-12	2.72848e-12
0.0102041	2.3383e-12	3.75167e-12
0.0101833	2.2824e-12	2.72848e-12
0.0101626	2.26069e-12	1.25056e-12
0.010142	2.28068e-12	2.13163e-13
0.0101215	2.22677e-12	3.75167e-12
0.010101	2.23821e-12	3.04112e-12
0.0100806	2.18797e-12	1.40687e-12
0.0100604	2.16632e-12	3.95062e-12
0.0100402	2.15994e-12	3.32534e-12
0.01002	2.14517e-12	3.06954e-12
0.01	2.16371e-12	1.84741e-12
0.00998004	2.1067e-12	1.84741e-12
0.00996016	2.10215e-12	5.59908e-12
0.00994036	2.0805e-12	2.10321e-12
0.00992063	2.07573e-12	5.03064e-12
0.00990099	2.04847e-12	1.81899e-12
0.00988142	2.01494e-12	3.89377e-12
0.00986193	2.03648e-12	1.19371e-12
0.00984252	2.00634e-12	5.34328e-12
0.00982318	1.96509e-12	1.28608e-12
0.00980392	1.97636e-12	1.3074e-12
0.00978474	1.94023e-12	1.49925e-12
0.00976562	1.93745e-12	4.26326e-13
0.00974659	1.93923e-12	2.87059e-12
0.00972763	1.91774e-12	1.44951e-12
0.00970874	1.89315e-12	5.71276e-12
0.00968992	1.87672e-12	2.13163e-12
0.00967118	1.83759e-12	3.24007e-12
0.00965251	1.8604e-12	4.26326e-13
0.00963391	1.84758e-12	3.58114e-12
0.00961538	1.83281e-12	5.31486e-12
0.00959693	1.79495e-12	2.55795e-12
0.00957854	1.80672e-12	3.75167e-12
0.00956023	1.79856e-12	3.12639e-13
0.00954198	1.74161e-12	4.91696e-12
0.00952381	1.75926e-12	1.19371e-12
0.0095057	1.72917e-12	1.35003e-12
0.00948767	1.75043e-12	3.18323e-12
0.0094697	1.73128e-12	3.06954e-12
0.0094518	1.70958e-12	3.86535e-12
0.00943396	1.66217e-12	1.32161e-12
0.0094162	1.68254e-12	3.41061e-13
0.0093985	1.65779e-12	1.93268e-12
0.00938086	1.63825e-12	1.56319e-12
0.0093633	1.65717e-12	4.34852e-12
0.00934579	1.61987e-12	1.32161e-12
0.00932836	1.59711e-12	1.65556e-12
0.00931099	1.61687e-12	5.08749e-12
0.00929368	1.56658e-12	1.91136e-12
0.00927644	1.59439e-12	9.9476e-13
0.00925926	1.58584e-12	3.12639e-12
0.00924214	1.57807e-12	1.27898e-13
0.00922509	1.51318e-12	1.9611e-12
0.0092081	1.50835e-12	1.27898e-12
0.00919118	1.49769e-12	1.37845e-12
0.00917431	1.49303e-12	1.63425e-12
0.00915751	1.50413e-12	9.9476e-13
0.00914077	1.49358e-12	5.79803e-12
0.00912409	1.48492e-12	1.33582e-12
0.00910747	1.44251e-12	3.52429e-12
0.00909091	1.43596e-12	1.7053e-12
0.00907441	1.45722e-12	5.42855e-12
0.00905797	1.45106e-12	4.37694e-12
0.00904159	1.42752e-12	6.11067e-12
0.00902527	1.39949e-12	3.86535e-12
0.00900901	1.42741e-12	4.5759e-12
0.00899281	1.37368e-12	3.97904e-12
0.00897666	1.36591e-12	1.48503e-12
0.00896057	1.35753e-12	4.23483e-12
0.00894454	1.37634e-12	1.02318e-12
0.00892857	1.32749e-12	1.79767e-12
0.00891266	1.34875e-12	3.97904e-13
0.0088968	1.3218e-12	2.27374e-12
0.00888099	1.34692e-12	3.43903e-12
0.00886525	1.32266e-12	5.68434e-13
0.00884956	1.33377e-12	2.89901e-12
0.00883392	1.2822e-12	3.0127e-12
0.00881834	1.26679e-12	4.66116e-12
0.00880282	1.26199e-12	1.76215e-12
0.00878735	1.25108e-12	1.73372e-12
0.00877193	1.27998e-12	3.06954e-12
0.00875657	1.24567e-12	2.359e-12
0.00874126	1.23879e-12	2.89901e-12
0.008726	1.21714e-12	1.55609e-12
0.0087108	1.24573e-12	1.39266e-12
0.00869565	1.22957e-12	5.51381e-12
0.00868056	1.23107e-12	1.33582e-12
0.00866551	1.21525e-12	5.40012e-12
0.00865052	1.17972e-12	2.70006e-12
0.00863558	1.15966e-12	1.81899e-12
0.00862069	1.14742e-12	5.51381e-12
0.00860585	1.17267e-12	1.64846e-12
0.00859107	1.1634e-12	1.67688e-12
0.00857633	1.17151e-12	3.38218e-12
0.00856164	1.11294e-12	1.98952e-12
0.00854701	1.14275e-12	1.22213e-12
0.00853242	1.15347e-12	1.64846e-12
0.00851789	1.14397e-12	1.7053e-13
0.0085034	1.12893e-12	8.2423e-13
0.00848896	1.11161e-12	6.13909e-12
0.00847458	1.10445e-12	6.16751e-12
0.00846024	1.07142e-12	1.64846e-12
0.00844595	1.05035e-12	1.46372e-12
0.0084317	1.05133e-12	1.44951e-12
0.00841751	1.09579e-12	2.87059e-12
0.00840336	1.06609e-12	1.64846e-12
0.00838926	1.07353e-12	4.54747e-13
0.00837521	1.04144e-12	6.82121e-12
0.0083612	1.00558e-12	1.47082e-12
0.00834725	1.03861e-12	6.0254e-12
0.00833333	1.0322e-12	6.19593e-12
0.00831947	1.01769e-12	1.50635e-12
0.00830565	1.01852e-12	2.84217e-13
0.00829187	1.02046e-12	1.33582e-12
0.00827815	9.62064e-13	2.18847e-12
0.00826446	9.61925e-13	2.14584e-12
0.00825083	9.61148e-13	4.60432e-12
0.00823723	9.51961e-13	1.35714e-12
0.00822368	1.0027e-12	2.55795e-12
0.00821018	9.71612e-13	3.12639e-13
0.00819672	9.83935e-13	3.83693e-13
0.00818331	9.66477e-13	9.9476e-13
0.00816993	9.48353e-13	1.36424e-12
0.00815661	9.09273e-13	5.42855e-12
0.00814332	9.64617e-13	2.70006e-12
0.00813008	9.08162e-13	1.63425e-12
0.00811688	9.37472e-13	6.6791e-13
0.00810373	9.22928e-13	4.77485e-12
0.00809061	8.86707e-13	1.62004e-12
0.00807754	9.12492e-13	2.13163e-13
0.00806452	8.58924e-13	2.25953e-12
0.00805153	8.76077e-13	2.10321e-12
0.00803859	9.11327e-13	1.25056e-12
0.00802568	8.58064e-13	3.24007e-12
0.00801282	8.46767e-13	2.0961e-12
0.008	8.65086e-13	1.90425e-12
0.00798722	8.42215e-13	3.2685e-12
0.00797448	8.94951e-13	2.70006e-12
0.00796178	8.31918e-13	1.98952e-12
0.00794913	8.30919e-13	1.54898e-12
0.00793651	8.51624e-13	1.62004e-12
0.00792393	7.95558e-13	2.21689e-12
0.00791139	8.54677e-13	1.22213e-12
0.00789889	8.46934e-13	4.17799e-12
0.00788644	8.34999e-13	6.0254e-12
0.00787402	8.18762e-13	2.07478e-12
0.00786164	7.85677e-13	1.93268e-12
0.00784929	7.7699e-13	1.8332e-12
0.00783699	7.64666e-13	2.16005e-12
0.00782473	8.20205e-13	4.74643e-12
0.0078125	7.87925e-13	1.42109e-12
0.00780031	8.06549e-13	1.39266e-12
0.00778816	7.57339e-13	2.13163e-12
0.00777605	7.65943e-13	2.64322e-12
0.00776398	7.76768e-13	4.80327e-12
0.00775194	7.60364e-13	2.47269e-12
0.00773994	7.34413e-13	1.53477e-12
0.00772798	7.74325e-13	6.13909e-12
0.00771605	7.71494e-13	6.25278e-13
0.00770416	7.19064e-13	1.98952e-12
0.00769231	7.51954e-13	1.47793e-12
0.00768049	7.52287e-13	6.05382e-12
0.00766871	7.49206e-13	4.14957e-12
0.00765697	7.4421e-13	5.82645e-12
0.00764526	6.86229e-13	2.4869e-12
0.00763359	7.43045e-13	5.17275e-12
0.00762195	6.88644e-13	5.17275e-12
0.00761035	7.26197e-13	4.49063e-12
0.00759878	6.73545e-13	2.45848e-12
0.00758725	6.62637e-13	2.43006e-12
0.00757576	6.58806e-13	6.84963e-12
0.0075643	6.66883e-13	3.60956e-12
0.00755287	6.48426e-13	6.59384e-12
0.00754148	6.9289e-13	1.93268e-12
0.00753012	6.90337e-13	3.97904e-13
0.0075188	6.88893e-13	1.10845e-12
0.00750751	6.69159e-13	2.47269e-12
0.00749625	6.4948e-13	1.81899e-12
0.00748503	6.86423e-13	2.55795e-13
0.00747384	6.75876e-13	6.22435e-12
0.00746269	6.3663e-13	4.88853e-12
0.00745156	6.21808e-13	2.30216e-12
0.00744048	6.18644e-13	3.55271e-12
0.00742942	6.47427e-13	1.50635e-12
0.0074184	6.11317e-13	4.09273e-12
0.00740741	6.20809e-13	1.6982e-12
0.00739645	6.37823e-13	5.22959e-12
0.00738552	6.49231e-13	1.02318e-12
0.00737463	6.05765e-13	2.27374e-12
0.00736377	6.26332e-13	1.76215e-12
0.00735294	6.24445e-13	6.96332e-12
0.00734214	6.30412e-13	4.17799e-12
0.00733138	6.08263e-13	7.3328e-12
0.00732064	5.905e-13	2.92744e-12
0.00730994	5.65242e-13	6.59384e-12
0.00729927	6.07708e-13	5.54223e-12
0.00728863	6.22946e-13	3.21165e-12
0.00727802	5.96134e-13	7.53175e-12
0.00726744	5.72931e-13	5.14433e-12
0.00725689	5.64965e-13	2.33058e-12
0.00724638	5.65797e-13	2.81375e-12
0.00723589	6.14397e-13	3.12639e-12
0.00722543	5.63299e-13	2.04636e-12
0.00721501	5.61523e-13	2.92744e-12
0.00720461	5.55805e-13	2.359e-12
0.00719424	5.79536e-13	1.79057e-12
0.00718391	5.53529e-13	3.35376e-12
0.0071736	5.41317e-13	1.88294e-12
0.00716332	5.21166e-13	4.23483e-12
0.00715308	5.08676e-13	6.87805e-12
0.00714286	5.57748e-13	1.59162e-12
0.00713267	5.28466e-13	2.50111e-12
0.00712251	5.62939e-13	4.12115e-12
0.00711238	5.45453e-13	7.3328e-12
0.00710227	5.00933e-13	2.3519e-12
0.0070922	5.60718e-13	3.55271e-13
0.00708215	5.41428e-13	6.82121e-12
0.00707214	5.08121e-13	5.45697e-12
0.00706215	5.49283e-13	6.0254e-12
0.00705219	4.82336e-13	2.52953e-12
0.00704225	4.80782e-13	6.84963e-12
0.00703235	5.33629e-13	1.13687e-12
0.00702247	4.94133e-13	2.75691e-12
0.00701262	5.31075e-13	4.54747e-13
0.0070028	5.11036e-13	1.47793e-12
0.00699301	4.68098e-13	1.79057e-12
0.00698324	4.79949e-13	2.10321e-12
0.0069735	4.69902e-13	1.81899e-12
0.00696379	5.28133e-13	5.85487e-12
0.0069541	4.64656e-13	2.28795e-12
0.00694444	4.54359e-13	6.96332e-12
0.00693481	4.82642e-13	8.18545e-12
0.00692521	5.07011e-13	1.62004e-12
0.00691563	4.83474e-13	2.07478e-12
0.00690608	4.50806e-13	6.56541e-12
0.00689655	5.08704e-13	2.16005e-12
0.00688705	5.04291e-13	2.16005e-12
0.00687758	4.98435e-13	1.81899e-12
0.00686813	4.71817e-13	7.56017e-12
0.00685871	5.01293e-13	2.95586e-12
0.00684932	4.84057e-13	2.04636e-12
0.00683995	4.63629e-13	7.38964e-12
0.0068306	4.35513e-13	3.83693e-12
0.00682128	4.64129e-13	1.50635e-12
0.00681199	4.26298e-13	2.20268e-12
0.00680272	4.88831e-13	3.55271e-12
0.00679348	4.28046e-13	2.07478e-12
0.00678426	4.19775e-13	1.93268e-12
0.00677507	4.05176e-13	2.58638e-12
0.0067659	4.32487e-13	2.70006e-12
0.00675676	4.65461e-13	4.46221e-12
0.00674764	4.51861e-13	6.82121e-12
0.00673854	4.48364e-13	6.99174e-12
0.00672948	4.23578e-13	3.55271e-12
0.00672043	3.91132e-13	4.88853e-12
0.00671141	3.89827e-13	4.88853e-12
0.00670241	4.10644e-13	1.62004e-12
0.00669344	3.90216e-13	3.80851e-12
0.00668449	3.95933e-13	5.48539e-12
0.00667557	3.87995e-13	1.72662e-12
0.00666667	3.90854e-13	5.88329e-12
0.00665779	3.98959e-13	3.2685e-12
0.00664894	4.36789e-13	2.13163e-13
0.00664011	4.03011e-13	2.84217e-12
0.0066313	3.77892e-13	2.51532e-12
0.00662252	4.31793e-13	1.84741e-12
0.00661376	3.88245e-13	1.94689e-12
0.00660502	4.31322e-13	3.41061e-13
0.00659631	3.78059e-13	3.52429e-12
0.00658762	3.56437e-13	5.25802e-12
0.00657895	3.61614e-13	6.16751e-12
0.0065703	3.85025e-13	2.41585e-12
0.00656168	4.06564e-13	4.718e-12
0.00655308	3.73146e-13	1.93268e-12
0.0065445	3.84609e-13	8.32756e-12
0.00653595	3.88689e-13	2.18847e-12
0.00652742	3.45723e-13	4.718e-12
0.0065189	3.44641e-13	6.53699e-12
0.00651042	3.95156e-13	5.14433e-12
0.00650195	3.73229e-13	3.86535e-12
0.00649351	3.51358e-13	3.89377e-12
0.00648508	3.77753e-13	1.76215e-12
0.00647668	3.52912e-13	3.18323e-12
0.00646831	3.34482e-13	4.83169e-12
0.00645995	3.78808e-13	5.25802e-12
0.00645161	3.92852e-13	6.42331e-12
0.0064433	3.70259e-13	7.7307e-12
0.00643501	3.37008e-13	2.27374e-12
0.00642674	3.48888e-13	3.49587e-12
0.00641849	3.28321e-13	3.38218e-12
0.00641026	3.5924e-13	2.41585e-12
0.00640205	3.34566e-13	2.87059e-12
0.00639386	3.21382e-13	4.00746e-12
0.0063857	3.75894e-13	7.38964e-13
0.00637755	3.5405e-13	6.62226e-12
0.00636943	2.98678e-13	7.3328e-12
0.00636132	3.2363e-13	5.79803e-12
0.00635324	3.44752e-13	8.46967e-12
0.00634518	3.11071e-13	5.99698e-12
0.00633714	3.70315e-13	2.50111e-12
0.00632911	3.20105e-13	3.69482e-12
0.00632111	3.56798e-13	5.11591e-13
0.00631313	3.00288e-13	6.6791e-12
0.00630517	3.41088e-13	7.81597e-12
0.00629723	2.9933e-13	1.81188e-12
0.00628931	2.80179e-13	2.97717e-12
0.00628141	3.31318e-13	9.66338e-13
0.00627353	3.22076e-13	8.95284e-12
0.00626566	3.35482e-13	5.54223e-12
0.00625782	3.06227e-13	3.46745e-12
0.00625	2.85591e-13	2.01794e-12
0.0062422	3.52024e-13	3.95062e-12
0.00623441	3.56271e-13	3.69482e-13
0.00622665	2.97165e-13	3.43903e-12
0.00621891	2.70908e-13	5.22959e-12
0.00621118	3.39201e-13	2.27374e-13
0.00620347	3.44336e-13	3.97904e-13
0.00619579	3.12278e-13	8.15703e-12
0.00618812	3.40172e-13	3.41061e-13
0.00618047	2.90878e-13	3.89377e-12
0.00617284	2.83218e-13	2.87059e-12
0.00616523	2.8455e-13	5.74119e-12
0.00615764	2.83246e-13	5.94014e-12
0.00615006	2.77264e-13	6.39488e-12
0.00614251	2.65843e-13	4.68958e-12
0.00613497	3.07254e-13	8.27072e-12
0.00612745	2.60032e-13	2.82796e-12
0.00611995	2.61582e-13	1.98952e-12
0.00611247	3.03452e-13	5.40012e-12
0.00610501	2.96846e-13	1.47793e-12
0.00609756	3.29514e-13	2.84217e-12
0.00609013	2.62054e-13	6.73595e-12
0.00608273	3.08809e-13	4.80327e-12
0.00607533	2.69562e-13	3.41061e-12
0.00606796	2.54734e-13	6.39488e-12
0.00606061	3.07254e-13	2.24532e-12
0.00605327	2.53339e-13	6.53699e-12
0.00604595	2.46835e-13	7.50333e-12
0.00603865	3.04784e-13	4.49063e-12
0.00603136	2.54616e-13	2.81375e-12
0.0060241	2.46955e-13	5.17275e-12
0.00601685	3.14276e-13	2.38742e-12
0.00600962	2.52728e-13	2.72848e-12
0.0060024	2.99261e-13	6.87805e-12
0.0059952	2.80789e-13	9.00968e-12
0.00598802	2.84037e-13	1.25056e-12
0.00598086	2.45137e-13	6.65068e-12
0.00597372	3.0112e-13	1.87583e-12
0.00596659	2.83301e-13	5.68434e-12
0.00595948	2.2235e-13	1.93268e-12
0.00595238	2.69243e-13	8.29914e-12
0.0059453	2.21937e-13	2.84928e-12
0.00593824	2.41897e-13	6.56541e-12
0.0059312	2.66925e-13	5.82645e-12
0.00592417	2.18485e-13	2.94165e-12
0.00591716	2.86354e-13	4.3201e-12
0.00591017	2.27075e-13	2.24532e-12
0.00590319	2.44173e-13	3.52429e-12
0.00589623	2.88963e-13	4.03588e-12
0.00588928	2.3033e-13	3.86535e-12
0.00588235	2.59626e-13	2.16005e-12
0.00587544	2.51216e-13	3.69482e-13
0.00586854	2.3051e-13	3.63798e-12
0.00586166	2.20574e-13	4.43379e-12
0.0058548	2.33944e-13	2.00373e-12
0.00584795	2.19214e-13	6.53699e-12
0.00584112	2.78083e-13	2.6148e-12
0.00583431	2.12289e-13	2.81375e-12
0.00582751	2.56628e-13	6.11067e-12
0.00582072	2.70756e-13	2.44427e-12
0.00581395	2.30899e-13	3.86535e-12
0.0058072	2.08847e-13	7.53175e-12
0.00580046	2.74225e-13	4.83169e-12
0.00579374	2.07642e-13	1.77636e-12
0.00578704	2.03535e-13	6.70752e-12
0.00578035	2.50661e-13	1.56319e-12
0.00577367	2.00218e-13	1.90425e-12
0.00576701	2.02532e-13	2.44427e-12
0.00576037	2.54768e-13	1.76215e-12
0.00575374	2.49814e-13	1.44951e-12
0.00574713	2.49772e-13	1.53477e-12
0.00574053	2.22933e-13	9.91918e-12
0.00573394	2.00999e-13	3.83693e-12
0.00572738	2.31329e-13	2.21689e-12
0.00572082	2.45803e-13	2.10321e-12
0.00571429	1.96326e-13	2.24532e-12
0.00570776	2.26923e-13	9.37916e-12
0.00570125	1.75693e-13	8.3844e-12
0.00569476	1.89751e-13	2.65743e-12
0.00568828	1.95122e-13	6.96332e-12
0.00568182	1.86531e-13	6.22435e-12
0.00567537	1.97883e-13	2.34479e-12
0.00566893	1.91133e-13	2.84217e-12
0.00566251	1.70086e-13	9.09495e-12
0.00565611	2.1963e-13	1.9611e-12
0.00564972	2.37615e-13	5.65592e-12
0.00564334	1.92336e-13	3.6664e-12
0.00563698	1.93472e-13	3.55271e-12
0.00563063	1.71863e-13	3.38218e-12
0.0056243	1.86406e-13	2.6148e-12
0.00561798	1.91888e-13	2.41585e-12
0.00561167	2.20796e-13	1.27898e-12
0.00560538	1.7502e-13	4.37694e-12
0.0055991	1.88002e-13	2.33058e-12
0.00559284	1.85962e-13	2.00373e-12
0.00558659	1.81279e-13	4.17799e-12
0.00558036	1.82188e-13	2.92744e-12
0.00557414	2.24501e-13	7.90124e-12
0.00556793	2.38393e-13	2.55795e-13
0.00556174	1.78815e-13	2.28795e-12
0.00555556	2.05089e-13	2.41585e-12
0.00554939	1.72487e-13	4.86011e-12
0.00554324	2.18117e-13	5.91172e-12
0.0055371	1.81188e-13	2.07478e-12
0.00553097	2.18318e-13	8.41283e-12
0.00552486	2.0095e-13	7.07701e-12
0.00551876	1.73084e-13	6.59384e-12
0.00551268	1.86191e-13	2.75691e-12
0.00550661	1.58429e-13	3.11218e-12
0.00550055	1.63425e-13	5.79803e-12
0.00549451	1.94932e-13	2.21689e-12
0.00548847	2.0442e-13	9.43601e-12
0.00548246	1.64285e-13	7.41807e-12
0.00547645	2.11248e-13	8.78231e-12
0.00547046	2.09353e-13	8.58336e-12
0.00546448	2.28484e-13	4.68958e-12
0.00545852	1.90695e-13	6.76437e-12
0.00545256	1.98501e-13	8.95284e-12
0.00544662	1.78302e-13	2.39453e-12
0.0054407	1.92735e-13	3.2685e-13
0.00543478	1.70197e-13	2.32347e-12
0.00542888	1.96176e-13	4.60432e-12
0.00542299	2.10915e-13	4.83169e-13
0.00541712	2.07855e-13	8.01492e-12
0.00541126	2.1326e-13	5.96856e-13
0.00540541	1.99672e-13	9.00968e-12
0.00539957	1.74971e-13	2.15294e-12
0.00539374	2.11008e-13	7.67386e-12
0.00538793	2.12066e-13	7.10543e-12
0.00538213	2.04725e-13	2.41585e-12
0.00537634	1.76512e-13	1.02318e-11
0.00537057	1.58901e-13	6.16751e-12
0.00536481	1.46327e-13	7.38964e-12
0.00535906	1.81299e-13	5.11591e-13
0.00535332	1.99035e-13	5.54223e-12
0.00534759	1.78968e-13	3.32534e-12
0.00534188	1.74503e-13	1.04876e-11
0.00533618	1.56541e-13	3.15481e-12
0.00533049	1.78468e-13	2.44427e-12
0.00532481	1.62315e-13	4.0643e-12
0.00531915	1.88802e-13	8.2423e-13
0.0053135	1.46272e-13	8.18545e-12
0.00530786	1.66367e-13	7.81597e-12
0.00530223	1.85518e-13	7.38964e-13
0.00529661	1.91097e-13	1.67688e-12
0.00529101	1.81959e-13	5.59908e-12
0.00528541	1.44135e-13	8.04334e-12
0.00527983	1.70641e-13	2.58638e-12
0.00527426	1.75415e-13	3.97904e-13
0.0052687	1.59539e-13	2.8848e-12
0.00526316	2.01408e-13	2.55795e-12
0.00525762	1.72913e-13	2.41585e-12
0.0052521	1.67248e-13	1.01181e-11
0.00524659	1.74583e-13	1.08002e-12
0.00524109	1.86517e-13	2.13163e-12
0.0052356	1.3628e-13	7.61702e-12
0.00523013	1.82354e-13	1.50635e-12
0.00522466	1.85629e-13	2.24532e-12
0.00521921	1.68338e-13	9.60654e-12
0.00521376	1.43663e-13	6.05382e-12
0.00520833	1.66755e-13	2.78533e-12
0.00520291	1.90681e-13	7.81597e-12
0.00519751	1.78302e-13	1.44951e-12
0.00519211	1.86295e-13	1.90425e-12
0.00518672	1.5999e-13	2.44427e-12
0.00518135	1.54876e-13	4.12115e-12
0.00517598	1.24567e-13	9.6918e-12
0.00517063	1.83187e-13	4.23483e-12
0.00516529	1.46216e-13	5.82645e-12
0.00515996	1.76071e-13	8.15703e-12
0.00515464	1.66867e-13	2.64322e-12
0.00514933	1.47771e-13	7.3328e-12
0.00514403	1.71085e-13	1.67688e-12
0.00513875	1.79634e-13	1.62004e-12
0.00513347	1.72751e-13	3.29692e-12
0.00512821	1.61871e-13	1.81899e-12
0.00512295	1.92291e-13	1.79057e-12
0.00511771	1.78885e-13	8.15703e-12
0.00511247	1.75082e-13	3.43903e-12
0.00510725	1.633e-13	6.19593e-12
0.00510204	1.53655e-13	3.06954e-12
0.00509684	1.39888e-13	1.0516e-11
0.00509165	1.50657e-13	3.80851e-12
0.00508647	1.74194e-13	1.22213e-12
0.0050813	1.84297e-13	2.58638e-12
0.00507614	1.34337e-13	7.02016e-12
0.00507099	1.75859e-13	1.53477e-12
0.00506586	1.44412e-13	1.08571e-11
0.00506073	1.52101e-13	5.17275e-12
0.00505561	1.79967e-13	2.78533e-12
0.00505051	1.3578e-13	7.16227e-12
0.00504541	1.64979e-13	1.84741e-12
0.00504032	1.7597e-13	1.13687e-12
0.00503525	1.47549e-13	7.78755e-12
0.00503018	1.6509e-13	2.38742e-12
0.00502513	1.79523e-13	7.67386e-13
0.00502008	1.71307e-13	2.81375e-12
0.00501505	1.59095e-13	2.359e-12
0.00501002	1.41775e-13	5.11591e-12
0.00500501	1.58762e-13	3.55271e-12
0.005	1.80855e-13	6.11067e-13
